,City,Country,Date,Latitude,Longitude,Max Temperature,Humidity,Cloudiness,Wind Speed
0,Mabaruma,GY,1584753399,8.2,-59.78,71.87,93,5,2.35
1,Ushuaia,AR,1584753399,-54.8,-68.3,39.2,90,40,26.4
2,Hilo,US,1584753232,19.73,-155.09,78.8,65,90,17.22
3,Bandarbeyla,SO,1584753400,9.49,50.81,81.41,84,0,7.09
4,Mataura,NZ,1584753400,-46.19,168.86,53.01,83,100,5.99
5,Rikitea,PF,1584753400,-23.12,-134.97,79.25,82,71,14.54
6,Leningradskiy,RU,1584753400,69.38,178.42,-2.47,90,97,6.85
7,Itarema,BR,1584753400,-2.92,-39.92,77.09,85,100,1.79
8,Port Elizabeth,ZA,1584753401,-33.92,25.57,64.4,77,52,9.17
9,Māngrol,IN,1584753401,21.12,70.12,75.83,76,9,8.79
10,Khovd,MN,1584753401,48.01,91.64,23.09,54,0,1.01
11,Bengkulu,ID,1584753316,-3.8,102.27,74.39,86,99,2.39
12,New Norfolk,AU,1584753401,-42.78,147.06,60.01,76,75,8.05
13,San Policarpo,PH,1584753401,12.18,125.51,81.41,80,57,9.35
14,Kapaa,US,1584753402,22.08,-159.32,80.6,83,40,12.75
15,Chui,UY,1584753402,-33.7,-53.46,64.67,80,13,4.9
16,Saint George,US,1584753162,37.1,-113.58,54.0,50,90,6.93
17,Thompson,CA,1584753402,55.74,-97.86,23.0,29,20,11.41
18,Saint-Philippe,RE,1584753402,-21.36,55.77,71.6,60,79,8.05
19,Bethel,US,1584753402,41.37,-73.41,70.0,63,90,6.93
20,Kaitangata,NZ,1584753402,-46.28,169.85,51.01,89,100,3.0
21,Souillac,MU,1584753402,-20.52,57.52,71.01,88,40,4.7
22,Huarmey,PE,1584753403,-10.07,-78.15,72.95,71,94,4.65
23,Punta Arenas,CL,1584753248,-53.15,-70.92,44.6,56,75,9.17
24,Lüderitz,NA,1584753403,-26.65,15.16,68.0,64,0,18.34
25,Jamestown,US,1584753403,42.1,-79.24,39.0,86,90,18.34
26,Siavonga,ZM,1584753403,-16.54,28.71,72.23,78,31,6.49
27,Mahenge,TZ,1584753404,-8.68,36.72,71.33,97,6,3.94
28,Esperance,AU,1584753404,-33.87,121.9,66.2,82,90,5.82
29,George Town,MY,1584753404,5.41,100.34,80.6,78,20,5.82
30,Busselton,AU,1584753404,-33.65,115.33,66.99,81,13,1.99
31,Isangel,VU,1584753404,-19.55,169.27,86.0,70,75,11.41
32,Mahon,ES,1584753405,39.89,4.27,55.4,87,88,10.29
33,Haines Junction,CA,1584753405,60.75,-137.51,27.95,86,99,3.36
34,São Filipe,CV,1584753405,14.9,-24.5,68.81,78,4,15.84
35,Ayan,RU,1584753405,56.45,138.17,17.69,74,0,2.95
36,Hobart,AU,1584753336,-42.88,147.33,60.01,76,75,8.05
37,Puerto Nariño,CO,1584753405,-3.77,-70.38,82.4,78,40,6.93
38,Vila Velha,BR,1584753405,-20.33,-40.29,81.0,94,40,6.93
39,Cabo San Lucas,MX,1584753131,22.89,-109.91,73.4,56,20,5.82
40,Severnyy,RU,1584753406,50.68,36.55,35.6,51,61,2.24
41,Danao,PH,1584753406,10.52,124.03,86.0,66,20,6.93
42,Bilibino,RU,1584753406,68.05,166.44,-11.65,77,0,0.85
43,Kahului,US,1584753107,20.89,-156.47,86.0,51,40,3.36
44,Bredasdorp,ZA,1584753406,-34.53,20.04,59.0,87,83,3.36
45,Nikolskoye,RU,1584753406,59.7,30.79,28.4,54,40,4.47
46,Albany,US,1584753406,42.6,-73.97,60.01,58,90,17.22
47,Tiksi,RU,1584753406,71.69,128.87,-13.99,85,27,13.6
48,Al Bardīyah,LY,1584753407,31.76,25.09,57.47,53,0,7.18
49,Harboøre,DK,1584753407,56.62,8.18,33.01,79,0,10.94
50,San Patricio,MX,1584753407,19.22,-104.7,80.6,78,5,11.41
51,Turukhansk,RU,1584753407,65.82,87.98,-3.37,79,23,8.1
52,Poum,NC,1584753407,-20.23,164.02,79.25,75,82,20.69
53,Shirokiy,RU,1584753407,49.76,129.52,22.73,89,36,6.85
54,Bracebridge,CA,1584753407,45.03,-79.32,25.0,85,90,16.11
55,Longyearbyen,SJ,1584753408,78.22,15.64,8.6,84,75,8.05
56,Hope,US,1584753408,33.67,-93.59,57.0,81,75,8.05
57,Yerbogachën,RU,1584753408,61.28,108.01,13.01,95,97,6.71
58,Lebu,CL,1584753408,-37.62,-73.65,52.61,98,0,2.35
59,Dikson,RU,1584753408,73.51,80.55,-14.89,99,100,15.57
60,Geraldton,AU,1584753408,-28.77,114.6,75.99,78,100,14.99
61,Vemalwāda,IN,1584753408,18.47,78.88,74.39,68,0,5.68
62,Bluff,NZ,1584753409,-46.6,168.33,53.01,83,100,5.99
63,Wanaka,NZ,1584753386,-44.7,169.15,42.89,98,100,2.91
64,Vilhena,BR,1584753409,-12.74,-60.15,70.97,97,100,2.59
65,Yar-Sale,RU,1584753409,66.83,70.83,-4.81,99,73,5.06
66,Huilong,CN,1584753409,31.81,121.66,66.0,64,0,5.99
67,Seoul,KR,1584753296,37.57,126.98,51.8,45,90,3.36
68,Ribeira Grande,PT,1584753409,38.52,-28.7,57.11,82,76,11.97
69,Ilulissat,GL,1584753409,69.22,-51.1,19.4,73,100,8.05
70,Barrow,US,1584753410,71.29,-156.79,10.4,85,90,26.4
71,Carnarvon,AU,1584753410,-24.87,113.63,78.8,69,100,11.41
72,Puerto Ayora,EC,1584753410,-0.74,-90.35,80.01,88,40,6.93
73,Itoman,JP,1584753410,26.12,127.67,73.4,69,20,6.93
74,Yellowknife,CA,1584753410,62.46,-114.35,23.0,67,75,12.75
75,Kununurra,AU,1584753410,-15.77,128.73,91.4,33,22,6.93
76,Iqaluit,CA,1584753168,63.75,-68.51,1.4,77,90,2.24
77,Tambacounda,SN,1584753411,13.75,-13.76,89.6,13,58,6.93
78,Anzoátegui,CO,1584753411,4.63,-75.1,73.4,83,75,4.7
79,Boa Vista,BR,1584753232,2.82,-60.67,87.8,48,20,8.05
80,Narsaq,GL,1584753411,60.92,-46.05,14.0,47,40,6.93
81,Hermanus,ZA,1584753411,-34.42,19.23,62.01,91,0,1.99
82,Noumea,NC,1584753411,-22.28,166.46,84.2,54,32,13.87
83,Tasiilaq,GL,1584753411,65.61,-37.64,23.0,85,93,21.92
84,Hasaki,JP,1584753412,35.73,140.83,61.0,33,20,4.7
85,Mwene-Ditu,CD,1584753412,-7.0,23.45,67.73,96,99,4.21
86,Cherskiy,RU,1584753412,68.75,161.3,-7.33,78,0,13.56
87,Canillo,AD,1584753412,42.58,1.67,46.99,85,98,1.83
88,Iaciara,BR,1584753412,-14.1,-46.63,71.51,91,79,6.71
89,Avarua,CK,1584753412,-21.21,-159.78,82.4,78,100,10.29
90,Leh,IN,1584753412,34.17,77.58,5.45,67,89,3.89
91,Vung Tau,VN,1584753413,10.35,107.08,78.89,81,59,13.24
92,Banda Aceh,ID,1584753337,5.56,95.32,73.31,87,1,3.2
93,Matara,LK,1584753413,5.95,80.54,73.49,88,27,4.41
94,Tuatapere,NZ,1584753413,-46.13,167.68,53.01,83,100,5.99
95,Abu Kamal,SY,1584753413,34.45,40.92,51.53,55,67,6.11
96,Qaanaaq,GL,1584753413,77.48,-69.36,-8.77,48,0,5.82
97,Karratha,AU,1584753413,-20.74,116.85,86.27,76,98,10.27
98,Saint Paul Harbor,US,1584753414,57.79,-152.41,39.2,80,1,6.93
99,Eyemouth,GB,1584753414,55.87,-2.09,41.0,75,0,13.87
100,Saint-Louis,SN,1584753414,16.33,-15.0,80.6,30,0,2.24
101,Port Blair,IN,1584753256,11.67,92.75,80.51,65,52,4.27
102,Pitimbu,BR,1584753414,-7.47,-34.81,78.8,88,98,2.91
103,Hofn,IS,1584753414,64.25,-15.21,44.51,73,100,35.57
104,Lorengau,PG,1584753414,-2.02,147.27,83.93,67,100,3.11
105,Castro,BR,1584753415,-24.79,-50.01,63.77,95,1,7.43
106,Kyzyl-Suu,KG,1584753415,42.34,78.0,39.29,47,0,3.76
107,Kieta,PG,1584753415,-6.22,155.63,84.11,69,75,1.68
108,Waipawa,NZ,1584753415,-41.41,175.52,68.0,60,98,13.87
109,Cidreira,BR,1584753415,-30.18,-50.21,73.13,76,0,11.95
110,Vaini,TO,1584753415,-21.2,-175.2,78.8,83,75,10.29
111,Kansanshi,ZM,1584753415,-12.1,26.43,62.15,99,100,3.71
112,Pontes e Lacerda,BR,1584753193,-15.23,-59.34,73.67,96,99,1.14
113,Port Alfred,ZA,1584753416,-33.59,26.89,64.99,84,91,3.0
114,Mar del Plata,AR,1584753312,-38.0,-57.56,64.0,93,45,5.44
115,Coquimbo,CL,1584753416,-29.95,-71.34,60.8,82,90,4.7
116,Port Lincoln,AU,1584753416,-34.73,135.87,63.59,70,100,9.84
117,Severo-Kuril'sk,RU,1584753416,50.68,156.12,31.19,99,100,19.62
118,Xixiang,CN,1584753416,35.16,112.86,63.77,42,75,5.48
119,Aloleng,PH,1584753417,16.13,119.78,81.95,56,11,4.38
120,Orlik,RU,1584753417,52.52,99.83,7.43,87,98,4.63
121,Savé,BJ,1584753339,8.04,2.49,81.77,75,100,10.76
122,Atuona,PF,1584753417,-9.8,-139.03,82.13,78,66,14.99
123,Kamenka,RU,1584753417,51.32,42.77,30.0,90,0,1.01
124,Provideniya,RU,1584753417,64.38,-173.3,23.09,93,100,12.91
125,Tilichiki,RU,1584753417,60.47,166.1,15.17,83,22,3.89
126,Ponta do Sol,PT,1584753418,32.67,-17.1,59.0,54,40,11.41
127,Lavrentiya,RU,1584753418,65.58,-171.0,26.51,83,57,18.34
128,Faanui,PF,1584753418,-16.48,-151.75,83.93,68,51,7.38
129,Kloulklubed,PW,1584753418,7.04,134.26,86.0,74,75,11.41
130,Cape Town,ZA,1584753418,-33.93,18.42,64.0,88,20,6.93
131,East London,ZA,1584753418,-33.02,27.91,70.97,68,72,15.01
132,Los Llanos de Aridane,ES,1584753418,28.66,-17.92,60.8,67,2,9.17
133,Upernavik,GL,1584753419,72.79,-56.15,-6.25,93,100,1.92
134,Lompoc,US,1584753411,34.64,-120.46,57.99,76,90,8.05
135,Bilecik Province,TR,1584753419,40.0,30.17,30.2,92,0,2.08
136,Hithadhoo,MV,1584753419,-0.6,73.08,83.93,65,100,2.28
137,Bambous Virieux,MU,1584753419,-20.34,57.76,71.01,88,40,4.7
138,Penzance,GB,1584753419,50.12,-5.54,48.0,70,100,23.04
139,Dali,CN,1584753419,25.7,100.18,44.51,73,0,2.37
140,Mendoza,AR,1584753267,-32.89,-68.83,77.0,44,0,3.36
141,Sawākin,SD,1584753420,19.11,37.33,73.85,60,0,11.45
142,Tuktoyaktuk,CA,1584753420,69.45,-133.04,28.4,100,75,9.17
143,Fortuna,US,1584753420,40.6,-124.16,59.0,58,40,12.75
144,Dicabisagan,PH,1584753420,17.08,122.42,78.89,74,6,1.52
145,Fairbanks,US,1584753420,64.84,-147.72,37.4,69,90,20.8
146,Marzuq,YE,1584753420,14.4,46.47,66.65,62,17,4.09
147,Marsh Harbour,BS,1584753420,26.54,-77.06,73.49,78,8,14.47
148,Nuevo Progreso,MX,1584753421,23.17,-97.95,78.01,91,50,4.0
149,Mehamn,NO,1584753421,71.04,27.85,21.29,68,100,15.17
150,Talnakh,RU,1584753421,69.49,88.4,-2.2,77,52,22.37
151,Andenes,NO,1584753421,69.31,16.12,26.6,79,95,13.87
152,Saskylakh,RU,1584753421,71.92,114.08,-6.97,89,97,15.59
153,Tromsø,NO,1584753421,69.65,18.96,23.0,85,75,8.05
154,Muros,ES,1584753422,42.78,-9.06,54.0,100,90,4.7
155,Sept-Îles,CA,1584753301,50.2,-66.38,32.0,98,90,3.36
156,Urengoy,RU,1584753422,65.97,78.37,13.37,94,100,10.74
157,Portland,US,1584752982,45.52,-122.68,66.99,34,75,9.17
158,Hermosillo,MX,1584753132,29.07,-110.97,73.4,31,75,6.93
159,Palana,RU,1584753422,59.12,159.97,19.13,73,44,7.09
160,Necochea,AR,1584753422,-38.55,-58.74,57.99,91,0,4.0
161,Kargasok,RU,1584753423,59.06,80.86,31.91,92,98,11.7
162,Beringovskiy,RU,1584753423,63.05,179.32,14.09,92,100,11.97
163,São João da Barra,BR,1584753423,-21.64,-41.05,78.53,86,100,9.82
164,Manaíra,BR,1584753423,-7.71,-38.15,71.87,92,100,1.57
165,Vila Franca do Campo,PT,1584753423,37.72,-25.43,57.2,62,75,4.7
166,Harper,LR,1584753423,4.38,-7.72,78.17,88,95,2.93
167,Norman Wells,CA,1584753424,65.28,-126.83,41.0,52,75,12.75
168,Tsybli,UA,1584753424,49.99,31.56,37.4,74,96,2.24
169,Iquitos,PE,1584753424,-3.75,-73.25,82.4,83,20,1.12
170,Aklavik,CA,1584753424,68.22,-135.01,32.0,65,90,12.75
171,Izhma,RU,1584753424,65.01,53.91,5.81,93,75,5.41
172,College,US,1584753424,64.86,-147.8,39.2,69,90,20.8
173,Lima,PE,1584753241,-12.04,-77.03,75.2,83,64,6.93
174,Conceição do Araguaia,BR,1584753424,-8.26,-49.26,75.2,94,100,4.7
175,Mahébourg,MU,1584753425,-20.41,57.7,71.01,88,40,4.7
176,Shenjiamen,CN,1584753425,29.96,122.3,56.57,86,0,17.47
177,Buenaventura,CO,1584753425,3.88,-77.03,74.39,94,19,2.91
178,Catuday,PH,1584753425,16.29,119.81,79.25,77,1,16.4
179,Yulara,AU,1584753425,-25.24,130.99,87.8,19,0,13.87
180,Harbour Breton,CA,1584753425,47.48,-55.8,38.03,95,100,37.07
181,Dingle,PH,1584753425,11.0,122.67,78.89,76,77,10.07
182,Kota Kinabalu,MY,1584753425,5.97,116.07,84.2,74,20,2.24
183,Oistins,BB,1584753426,13.07,-59.53,75.2,83,40,13.87
184,Gigmoto,PH,1584753426,13.78,124.39,80.87,79,66,11.27
185,Kurumkan,RU,1584753426,54.3,110.3,9.59,88,56,0.92
186,Riachão,BR,1584753426,-7.36,-46.62,71.15,89,97,3.51
187,Makiyivka,UA,1584753426,48.05,37.93,41.63,52,0,0.78
188,Acaraú,BR,1584753426,-2.89,-40.12,77.09,85,100,1.79
189,Acapulco de Juárez,MX,1584753206,16.86,-99.89,82.4,74,20,5.82
190,Okhotsk,RU,1584753426,59.38,143.3,10.31,72,11,2.51
191,Butaritari,KI,1584753427,3.07,172.79,83.03,79,46,16.31
192,Ettaiyapuram,IN,1584753427,9.14,77.99,78.8,83,20,2.1
193,Bang Saphan,TH,1584753427,11.21,99.51,75.2,94,20,2.3
194,Lázaro Cárdenas,MX,1584753427,17.96,-102.2,80.33,73,8,6.89
195,Mezen',RU,1584753427,65.85,44.24,17.33,92,100,10.02
196,Acurenam,GQ,1584753427,1.03,10.65,66.11,98,100,0.25
197,Beyneu,KZ,1584753427,45.32,55.2,43.07,82,100,19.46
198,Pangnirtung,CA,1584753428,66.15,-65.71,-13.27,96,96,1.34
199,Fukuechō,JP,1584753428,32.69,128.84,64.4,59,0,10.29
200,Kushmurun,KZ,1584753428,52.45,64.63,34.25,99,100,16.22
201,Kavieng,PG,1584753428,-2.57,150.8,84.29,68,74,4.63
202,Makakilo City,US,1584753243,21.35,-158.09,80.6,83,90,5.82
203,Klaksvík,FO,1584753428,62.23,-6.59,41.0,80,99,18.34
204,Mayo,US,1584753405,38.89,-76.51,77.0,53,1,8.05
205,Suntar,RU,1584753429,62.14,117.63,15.53,89,68,7.85
206,Te Anau,NZ,1584753429,-45.42,167.72,45.41,94,100,4.36
207,Yatou,CN,1584753429,37.15,122.38,48.83,58,1,9.86
208,Ponnāni,IN,1584753429,10.77,75.93,77.0,88,40,2.24
209,Codrington,AU,1584753429,-38.27,141.97,57.65,72,100,11.5
210,Amqui,CA,1584753429,48.46,-67.43,34.0,100,90,10.29
211,Pop,UZ,1584753429,40.87,71.11,57.2,62,98,2.24
212,San Quintín,MX,1584753430,30.48,-115.95,60.53,63,100,13.33
213,Yārāda,IN,1584753430,17.65,83.27,71.6,88,75,2.24
214,Nanortalik,GL,1584753430,60.14,-45.24,21.65,90,100,18.32
215,Abalak,RU,1584753150,58.13,68.59,28.85,96,100,4.47
216,Črnomelj,SI,1584753430,45.57,15.19,51.01,70,71,4.7
217,Fort-Shevchenko,KZ,1584753430,44.51,50.26,43.07,92,100,22.57
218,Kirakira,SB,1584753430,-10.45,161.92,85.37,66,78,5.48
219,Alofi,NU,1584753430,-19.06,-169.92,84.2,74,75,4.7
220,Mareeba,AU,1584753431,-17.0,145.43,84.2,62,40,11.41
221,El Alto,PE,1584753431,-4.27,-81.21,76.55,71,88,12.37
222,North Bend,US,1584753431,43.41,-124.22,55.0,76,1,19.46
223,Northam,GB,1584753431,51.03,-4.22,44.01,81,40,16.11
224,Vágur,FO,1584753431,61.47,-6.81,42.89,77,100,24.87
225,Porbandar,IN,1584753431,21.64,69.61,75.83,78,11,9.08
226,Clyde River,CA,1584753432,70.47,-68.59,-9.4,63,1,5.82
227,Arraial do Cabo,BR,1584753432,-22.97,-42.03,77.0,94,20,3.36
228,Sayyan,YE,1584753432,15.17,44.32,59.63,69,48,6.96
229,Cheney,US,1584753325,47.49,-117.58,59.0,24,1,9.17
230,Houma,US,1584753293,29.6,-90.72,78.8,94,75,3.36
231,Hirado,JP,1584753433,33.36,129.55,60.8,62,20,12.75
232,Blagoyevo,RU,1584753433,63.37,47.92,6.71,97,78,5.57
233,Porto-Novo,BJ,1584753433,6.5,2.6,80.6,94,20,6.93
234,Manado,ID,1584753172,1.49,124.85,84.2,83,20,2.24
235,Mujiayingzi,CN,1584753433,42.12,118.78,30.65,93,100,3.58
236,Pevek,RU,1584753433,69.7,170.31,-10.57,87,71,11.32
237,Gradignan,FR,1584753433,44.77,-0.61,52.0,62,13,8.05
238,Sol'-Iletsk,RU,1584753434,51.16,54.99,31.55,90,97,11.86
239,Greece,US,1584753434,43.21,-77.69,42.01,64,90,21.92
240,Skibbereen,IE,1584753254,51.55,-9.27,42.8,75,75,23.04
241,Puerto Ayacucho,VE,1584753434,5.66,-67.62,87.8,45,68,11.41
242,Coyhaique,CL,1584753434,-45.58,-72.07,57.2,82,100,5.82
243,Dalvik,IS,1584753434,65.97,-18.53,39.2,69,40,41.38
244,Vulcan,RO,1584753434,45.38,23.27,37.49,90,100,4.09
245,Khatanga,RU,1584753435,71.97,102.5,-15.97,92,100,15.93
246,Ixtapa,MX,1584753330,20.7,-105.2,77.0,78,5,11.41
247,Kirkwood,US,1584753435,38.58,-90.41,39.2,69,90,12.75
248,Vardø,NO,1584753435,70.37,31.11,12.2,78,20,12.75
249,Lufilufi,WS,1584753435,-13.87,-171.6,89.6,62,40,16.11
250,Satuk,TR,1584753435,41.23,32.38,25.97,92,19,2.86
251,Dunedin,NZ,1584753218,-45.87,170.5,52.0,89,100,4.0
252,Salalah,OM,1584753436,17.02,54.09,78.8,78,75,5.82
253,Córdoba,AR,1584753436,-31.41,-64.18,73.0,88,0,5.82
254,Najrān,SA,1584753285,17.49,44.13,75.2,50,8,11.41
255,George Town,MY,1584753436,5.41,100.34,80.6,78,20,5.82
256,Talcahuano,CL,1584753436,-36.72,-73.12,55.4,93,90,5.82
257,Ambilobe,MG,1584753437,-13.2,49.05,73.49,93,100,6.69
258,Praia,CV,1584753437,14.92,-23.51,69.8,73,20,16.11
259,Verkhoyansk,RU,1584753437,67.54,133.38,-1.39,78,0,4.43
260,Ōarai,JP,1584753437,36.32,140.6,59.0,24,20,10.29
261,Estelle,US,1584753167,29.85,-90.11,78.01,78,20,11.41
262,Karasburg,NA,1584753437,-28.02,18.75,72.05,27,90,7.7
263,Ituango,CO,1584753437,7.17,-75.76,57.47,97,13,1.81
264,Berlevåg,NO,1584753438,70.86,29.09,27.23,61,100,20.76
265,Petatlán,MX,1584753438,17.52,-101.27,84.2,66,20,4.7
266,Kabalo,CD,1584753438,-6.05,26.92,69.35,94,100,1.34
267,City of San Pedro,PH,1584753438,14.35,121.02,87.8,55,20,6.93
268,Sangar,RU,1584753438,63.92,127.47,8.69,93,100,11.52
269,Chengde,CN,1584753326,40.97,117.94,39.65,57,98,3.04
270,Saint-Pierre,RE,1584753438,-21.34,55.48,71.6,60,64,8.05
271,Pokhara,NP,1584753430,28.23,83.98,54.41,73,0,3.47
272,Zima,RU,1584753439,53.92,102.04,25.97,87,100,4.47
273,Birao,CF,1584753439,10.28,22.79,75.11,14,1,8.59
274,Sabha,LY,1584753439,27.04,14.43,70.97,18,24,23.15
275,Tauá,BR,1584753439,-5.97,-40.3,72.05,94,100,1.36
276,Kavaratti,IN,1584753439,10.57,72.64,83.39,70,63,10.74
277,Taguatinga,BR,1584753439,-12.39,-46.57,71.33,95,100,3.29
278,Delta del Tigre,UY,1584753440,-34.76,-56.39,68.0,88,3,5.82
279,Caravelas,BR,1584753427,-17.71,-39.25,82.31,85,20,20.87
280,Chitungwiza,ZW,1584753440,-18.01,31.08,60.89,93,72,4.05
281,Port Augusta,AU,1584753440,-32.5,137.77,66.2,72,100,12.75
282,Bathsheba,BB,1584753440,13.22,-59.52,75.2,83,40,13.87
283,Hobyo,SO,1584753440,5.35,48.53,81.23,79,36,8.32
284,Deputatsky,RU,1584753441,69.3,139.9,-9.49,84,0,3.31
285,Coyah,GN,1584753441,9.75,-13.42,77.63,80,33,8.08
286,Lucea,JM,1584753441,18.45,-78.17,78.8,69,20,8.05
287,Pittsburg,US,1584753441,38.03,-121.88,64.99,42,20,4.7
288,Mount Gambier,AU,1584753147,-37.83,140.77,59.0,67,90,5.82
289,Forsytheganj,BY,1584753442,52.63,29.73,39.47,64,100,3.51
290,Monastyrshchina,RU,1584753442,54.35,31.84,32.99,84,11,4.83
291,Tegul'det,RU,1584753442,57.31,88.17,28.67,94,100,13.98
292,Moissac,FR,1584753215,44.1,1.09,52.0,70,88,3.36
293,Jalu,LY,1584753443,29.03,21.55,56.75,29,0,12.44
294,Shelton,US,1584753388,41.32,-73.09,68.0,87,1,3.36
295,Kenai,US,1584753443,60.55,-151.26,41.0,69,1,16.11
296,Santoña,ES,1584753367,43.44,-3.46,61.0,93,5,1.12
297,Omboué,GA,1584753443,-1.57,9.26,72.41,94,99,3.22
298,Bend,US,1584753413,44.06,-121.32,60.8,21,1,6.93
299,Hauge i Dalane,NO,1584753444,58.34,6.28,35.01,76,3,3.49
300,Sola,VU,1584753444,-13.88,167.55,84.2,94,40,15.52
301,Canto do Buriti,BR,1584753444,-8.11,-42.94,70.25,96,96,3.24
302,Burns Lake,CA,1584753444,54.23,-125.75,39.65,66,49,5.32
303,Olafsvik,IS,1584753444,64.89,-23.71,33.71,90,100,9.71
304,Bonavista,CA,1584753444,48.65,-53.11,33.01,87,100,11.01
305,Vestmannaeyjar,IS,1584753445,63.44,-20.27,42.53,89,100,38.43
306,Deyang,CN,1584753445,31.13,104.38,69.01,49,97,5.48
307,Viedma,AR,1584753445,-40.81,-63.0,63.95,40,0,2.66
308,Touros,BR,1584753445,-5.2,-35.46,77.0,88,20,2.24
309,Evensk,RU,1584753445,61.95,159.23,0.41,76,9,3.74
310,Ushibukamachi,JP,1584753445,32.19,130.02,57.29,63,0,7.23
311,Flinders,AU,1584753445,-34.58,150.86,78.01,68,75,11.41
312,Constitución,CL,1584753445,-35.33,-72.42,53.69,92,0,5.44
313,San Cristobal,VE,1584753446,7.77,-72.22,78.8,74,40,2.24
314,Evanston,US,1584753446,42.04,-87.69,34.0,59,90,10.29
315,Chokurdakh,RU,1584753446,70.63,147.92,-5.35,95,95,6.44
316,Merauke,ID,1584753416,-8.47,140.33,84.29,75,75,7.09
317,Ostrovnoy,RU,1584753446,68.05,39.51,21.47,78,100,13.89
318,Polonnaruwa,LK,1584753446,7.93,81.0,68.99,93,15,2.24
319,Aytos,BG,1584753446,42.7,27.25,44.01,93,0,3.36
320,Semīrom,IR,1584753447,31.42,51.57,34.61,46,0,4.7
321,Hangu,CN,1584753447,39.25,117.79,51.8,37,18,17.9
322,Lata,PT,1584753447,40.16,-8.33,53.01,93,40,3.36
323,Puro,PH,1584753447,12.48,123.38,80.15,77,61,7.05
324,Arrecife,ES,1584753447,28.96,-13.55,62.6,72,20,8.05
325,Comodoro Rivadavia,AR,1584753185,-45.87,-67.5,71.6,53,86,8.05
326,Hue,VN,1584753447,16.47,107.6,75.2,94,40,2.24
327,Gusinoye Ozero,RU,1584753448,51.11,106.26,23.09,79,80,3.11
328,Lazarev,RU,1584753448,52.23,141.51,20.03,86,100,37.11
329,Bethanien,NA,1584753448,-26.5,17.16,72.23,39,26,0.83
330,Port-Gentil,GA,1584753448,-0.72,8.78,79.43,77,100,4.34
331,Nemuro,JP,1584753448,43.32,145.57,44.6,42,75,11.41
332,Adrar,MR,1584753448,20.5,-10.07,65.75,27,0,8.9
333,Yueyang,CN,1584753194,29.33,113.09,67.19,86,82,11.79
334,Garmisch-Partenkirchen,DE,1584753448,47.49,11.1,48.2,87,75,4.7
335,Hong Kong,HK,1584753383,22.29,114.16,75.0,94,40,13.87
336,Ukiah,US,1584753449,39.15,-123.21,64.4,34,1,4.7
337,Saldanha,ZA,1584753449,-33.01,17.94,60.8,87,0,6.93
338,Hamilton,US,1584753324,39.18,-84.53,45.0,70,90,13.87
339,Harrismith,ZA,1584753449,-28.27,29.13,55.67,56,0,1.68
340,Bāfq,IR,1584753449,31.61,55.41,60.53,16,32,7.14
341,Niesky,DE,1584753449,51.29,14.82,39.99,94,100,5.23
342,Haapiti,PF,1584753450,-17.57,-149.87,86.0,66,75,4.7
343,Durban,ZA,1584753450,-29.86,31.03,77.0,94,75,5.82
344,Torbay,CA,1584753450,47.67,-52.73,35.01,92,90,31.09
345,Iranshahr,IR,1584753373,27.2,60.68,66.2,48,61,4.7
346,Dzaoudzi,YT,1584753450,-12.79,45.27,77.0,88,26,2.24
347,Tabas,IR,1584753450,33.6,56.92,60.35,30,0,1.74
348,Puerto Escondido,MX,1584753451,15.85,-97.07,82.4,83,40,3.36
349,Shingū,JP,1584753451,33.73,135.98,60.8,44,0,3.36
350,Sulangan,PH,1584753451,11.14,123.72,80.69,78,75,9.31
351,Awjilah,LY,1584753451,29.11,21.29,56.75,29,0,12.44
352,General Pico,AR,1584753451,-35.66,-63.76,69.71,40,0,9.71
353,Whitehorse,CA,1584753451,60.72,-135.05,37.0,47,75,14.99
354,Sioux Lookout,CA,1584753451,50.1,-91.92,21.2,24,40,2.24
355,Xalpatlahuac,MX,1584753452,17.47,-98.62,77.45,40,34,9.26
356,Fengzhen,CN,1584753452,40.44,113.15,38.21,49,8,11.21
357,Fare,PF,1584753452,-16.7,-151.02,83.93,67,66,6.89
358,Praia da Vitória,PT,1584753452,38.73,-27.07,59.0,77,40,15.46
359,Saint Anthony,US,1584753452,45.02,-93.22,30.2,42,1,9.17
360,Chiredzi,ZW,1584753452,-21.05,31.67,66.83,92,0,1.9
361,Maceió,BR,1584753452,-9.67,-35.74,78.8,88,100,9.17
362,Fort Nelson,CA,1584753453,58.81,-122.7,50.0,19,40,5.82
363,Rocha,UY,1584753453,-34.48,-54.33,59.81,82,0,0.98
364,Iquique,CL,1584753453,-20.22,-70.14,73.4,73,90,10.29
365,Guerrero Negro,MX,1584753453,27.98,-114.06,63.23,52,87,11.5
366,Gaza,PS,1584753316,31.5,34.47,48.2,87,75,3.36
367,Żurrieq,MT,1584753454,35.83,14.47,55.99,76,75,17.22
368,Basco,PH,1584753454,20.45,121.97,77.09,80,96,8.75
369,Port Macquarie,AU,1584753454,-31.43,152.92,82.0,61,11,8.05
370,Isiro,CD,1584753454,2.77,27.62,69.17,98,100,0.38
371,Ţahţā,EG,1584753454,26.77,31.5,57.2,41,0,6.93
372,Ahipara,NZ,1584753455,-35.17,173.17,66.65,70,100,6.71
373,Eyl,SO,1584753455,7.98,49.82,82.31,80,1,7.38
374,Lodja,CD,1584753455,-3.48,23.43,69.53,98,93,1.66
375,Kokopo,PG,1584753455,-4.35,152.26,83.21,73,79,5.01
376,Khartoum,SD,1584753290,15.55,32.53,71.6,7,5,9.17
377,Lappeenranta,FI,1584753455,61.06,28.19,21.2,57,2,3.36
378,Truro,GB,1584753455,50.27,-5.05,48.0,70,100,23.04
379,Marawi,PH,1584753456,8.0,124.29,82.0,76,83,4.0
380,Zeya,RU,1584753456,53.75,127.27,20.21,80,80,4.07
381,Sapouy,BF,1584753456,11.55,-1.77,81.59,48,100,0.63
382,Sānchor,IN,1584753456,24.76,71.77,66.11,89,0,6.49
383,Cabedelo,BR,1584753456,-6.98,-34.83,78.8,88,94,4.41
384,La Serena,CL,1584753456,-29.91,-71.25,60.8,82,90,4.7
385,Kollam,IN,1584753457,8.88,76.6,82.4,78,20,2.24
386,Nioro,GM,1584753457,13.35,-15.75,78.35,24,31,9.78
387,Gillette,US,1584753457,44.29,-105.5,28.99,68,1,17.22
388,Lashio,MM,1584753457,22.93,97.75,60.89,43,91,2.21
389,Jennings,US,1584753457,38.72,-90.26,39.2,69,90,14.99
390,Bereket,TM,1584753457,39.24,55.52,45.59,79,0,5.32
391,Mel'nikovo,RU,1584753457,56.56,84.08,29.57,90,100,12.62
392,Mizdah,LY,1584753458,31.45,12.98,54.77,55,49,24.87
393,Valparaíso,CL,1584753178,-33.04,-71.63,59.0,87,20,5.82
394,Saint-François,FR,1584753458,46.42,3.91,48.0,87,39,3.58
395,Kostomuksha,RU,1584753458,64.57,30.58,15.35,93,81,3.96
396,Buala,SB,1584753458,-8.14,159.59,85.37,70,79,7.49
397,Eureka,US,1584753458,40.8,-124.16,59.0,58,40,12.75
398,Japura,ID,1584753459,-0.32,102.35,73.49,91,66,0.94
399,Naze,JP,1584753459,28.37,129.48,68.0,60,20,8.05
400,Syracuse,IT,1584753459,37.09,15.28,50.0,87,0,1.12
401,Okakarara,NA,1584753459,-20.58,17.43,65.93,70,45,1.25
402,Sal Rei,CV,1584753459,16.18,-22.92,68.0,77,40,13.87
403,Antalaha,MG,1584753460,-14.9,50.28,81.05,71,19,4.85
404,Airai,TL,1584753460,-8.93,125.41,69.89,93,100,2.19
405,Lakatoro,VU,1584753460,-16.1,167.42,86.0,74,75,5.82
406,Marsá Maţrūḩ,EG,1584753460,31.35,27.25,55.4,66,40,4.7
407,Matiri,TZ,1584753460,-10.75,34.9,63.59,99,100,2.68
408,Irecê,BR,1584753255,-11.3,-41.86,70.43,93,98,5.35
409,Port Hardy,CA,1584753460,50.7,-127.42,55.4,43,5,13.87
410,Luau,AO,1584753461,-10.71,22.22,66.65,92,98,1.99
411,Coffs Harbour,AU,1584753461,-30.3,153.13,82.4,69,0,16.11
412,Kautokeino,NO,1584753461,69.01,23.04,5.27,76,0,6.38
413,Kidal,ML,1584753461,18.44,1.41,83.93,15,76,14.0
414,New Smyrna Beach,US,1584753461,29.03,-80.93,75.99,78,1,11.41
415,Sorong,ID,1584753461,-0.88,131.25,79.79,87,100,0.76
416,Pictou,CA,1584753461,45.68,-62.72,46.0,96,100,5.01
417,Colac,AU,1584753462,-38.33,143.58,64.0,71,83,3.11
418,Aswān,EG,1584753462,24.09,32.91,58.73,37,0,11.05
419,Kemijärvi,FI,1584753462,66.71,27.43,14.99,94,50,4.9
420,Chapais,CA,1584753462,49.78,-74.85,12.2,78,90,25.28
421,Mikhaylov,RU,1584753462,54.23,39.02,30.99,76,0,1.01
422,Cafarnaum,BR,1584753462,-11.69,-41.47,70.43,94,93,5.06
423,Marabu,MY,1584753463,4.41,114.01,78.8,88,75,3.36
424,Boende,CD,1584753463,-0.22,20.87,72.05,98,75,5.46
425,Trat,TH,1584753463,12.5,102.5,77.0,100,20,3.36
426,Grindavik,IS,1584753463,63.84,-22.43,33.8,100,90,8.05
427,Katsuura,JP,1584753463,35.13,140.3,61.0,44,0,12.75
428,Talavera,PH,1584753464,15.62,120.93,86.0,62,75,6.93
429,Aleksandrovskoye,RU,1584753464,44.71,43.0,42.8,87,99,4.47
430,Meulaboh,ID,1584753464,4.14,96.13,81.41,75,55,4.9
431,Mamanguape,BR,1584753290,-6.84,-35.13,78.8,88,94,4.41
432,Atocha,BO,1584753464,-20.93,-66.23,45.95,87,79,8.72
433,Bolitoc,PH,1584753465,15.74,119.88,79.97,61,1,2.28
434,Lazi,UA,1584753465,48.07,24.23,45.23,85,3,2.42
435,Vila,PT,1584753465,42.03,-8.16,57.0,100,90,2.24
436,Bol,TD,1584753465,13.46,14.71,80.87,25,100,12.5
437,Macaé,BR,1584753465,-22.37,-41.79,77.0,100,90,3.36
438,Newport,GB,1584753399,51.59,-3.0,42.01,86,56,24.16
439,Vaitape,PF,1584753465,-16.52,-151.75,83.93,68,51,7.38
440,Belaya Gora,RU,1584753466,68.53,146.42,1.85,84,0,7.54
441,Nerchinskiy Zavod,RU,1584753466,51.31,119.61,18.41,76,95,2.75
442,Dandong,CN,1584753466,40.13,124.39,42.71,72,9,3.71
443,Pangai,TO,1584753466,-19.8,-174.35,84.2,79,75,9.17
444,Lebanon,US,1584753466,36.21,-86.29,64.4,93,90,11.41
445,Vallenar,CL,1584753467,-28.57,-70.76,52.79,94,0,3.18
446,Laas,IT,1584753467,46.62,10.7,42.01,100,75,2.24
447,Jaisalmer,IN,1584753467,26.91,70.92,72.05,61,0,13.13
448,Grand-Santi,GF,1584753467,4.25,-54.38,75.47,81,72,3.69
449,Bawku,GH,1584753467,11.06,-0.24,85.91,48,31,5.21
450,Ketchikan,US,1584753467,55.34,-131.65,51.8,53,1,17.22
451,Entre Rios,BR,1584753416,-11.94,-38.08,77.27,91,68,4.76
452,Mucurapo,TT,1584753468,10.67,-61.53,78.8,69,20,8.93
453,Bloomfield,US,1584753468,40.81,-74.19,73.4,38,90,8.05
454,Lagan,RU,1584753468,45.39,47.37,41.63,83,68,9.24
455,Trairi,BR,1584753468,-3.28,-39.27,74.57,94,90,0.45
456,Nikki,BJ,1584753468,9.94,3.21,82.85,50,98,6.42
457,Husavik,IS,1584753469,66.04,-17.34,39.2,69,40,41.38
458,Dwārka,IN,1584753469,22.24,68.97,75.47,81,1,11.03
459,Khandagayty,RU,1584753469,50.73,92.05,10.67,93,100,2.66
460,Takoradze,GH,1584753469,4.88,-1.76,79.25,88,57,3.0
461,Teya,RU,1584753469,60.38,92.63,22.19,97,100,4.12
462,Krasnoborsk,RU,1584753469,61.56,45.93,15.53,90,88,7.38
463,Pisco,PE,1584753470,-13.7,-76.22,75.2,78,90,13.87
464,Tāybād,IR,1584753470,34.74,60.78,50.81,88,0,8.21
465,Mozarlândia,BR,1584753470,-14.74,-50.57,76.55,86,91,4.09
466,Warrnambool,AU,1584753470,-38.38,142.48,61.0,70,100,5.32
467,Ancud,CL,1584753470,-41.87,-73.82,59.0,93,75,4.7
468,Okato,NZ,1584753470,-39.2,173.88,66.0,65,100,8.01
469,Barcelos,PT,1584753471,41.54,-8.62,53.6,100,40,0.25
470,Oranjestad,AW,1584753471,12.52,-70.03,80.6,74,20,16.11
471,Aitape,PG,1584753471,-3.14,142.35,82.49,74,100,6.15
472,Jamame,SO,1584753471,0.07,42.75,82.49,79,4,16.15
473,Cayenne,GF,1584753472,4.93,-52.33,78.8,83,75,6.93
474,Petropavlovsk-Kamchatskiy,RU,1584753472,53.05,158.65,35.6,93,90,17.9
475,Lavumisa,SZ,1584753472,-27.31,31.89,69.8,88,81,2.24
476,Banjar,ID,1584753472,-8.19,114.97,84.2,83,20,5.82
477,Ternate,ID,1584753472,0.8,127.4,81.59,76,68,2.04
478,Mazamari,PE,1584753473,-11.33,-74.53,62.69,99,100,0.87
479,Assiut,EG,1584753473,27.18,31.18,53.6,54,0,11.41
480,Inyonga,TZ,1584753473,-6.72,32.07,63.95,97,35,4.47
481,Lincoln,US,1584753281,40.8,-96.67,28.4,63,1,4.7
482,Bowen,AU,1584753473,-20.02,148.23,84.99,65,40,19.46
483,Bacolod City,PH,1584753474,10.67,122.95,81.23,61,51,1.03
484,Laguna,US,1584753406,38.42,-121.42,66.2,51,40,6.93
485,Thinadhoo,MV,1584753474,0.53,72.93,83.57,65,35,2.77
486,Mitú,CO,1584753345,1.2,-70.17,79.61,75,48,2.8
487,Ola,RU,1584753474,59.58,151.28,8.51,71,68,9.08
488,Nālūt,LY,1584753474,30.33,10.85,66.29,29,2,23.0
489,Mataundh,IN,1584753475,25.45,80.15,72.77,45,77,3.31
490,Christchurch,NZ,1584753372,-43.53,172.63,62.01,67,98,28.86
491,Ritchie,ZA,1584753475,-29.04,24.6,57.2,93,0,2.24
492,Abhā,SA,1584753475,18.22,42.51,59.0,87,75,5.82
493,Şabyā,SA,1584753475,17.15,42.63,80.6,78,40,4.7
494,Tautira,PF,1584753475,-17.73,-149.15,86.0,66,75,4.7
495,Safaga,EG,1584753475,26.73,33.94,59.0,33,0,11.41
496,Heihe,CN,1584753476,50.24,127.49,30.2,74,20,8.95
497,Obregon,NI,1584753476,11.96,-85.96,84.2,58,20,13.87
498,Strezhevoy,RU,1584753476,60.73,77.59,32.0,99,90,2.24
499,Asău,RO,1584753476,46.43,26.4,48.2,66,44,4.7
500,Namatanai,PG,1584753477,-3.67,152.43,84.29,69,81,6.26
501,Menfi,IT,1584753477,37.61,12.97,53.01,87,0,8.05
502,Lyubim,RU,1584753477,58.36,40.68,25.43,76,81,8.63
503,Smithers,CA,1584753300,54.78,-127.17,48.2,29,5,3.36
504,Bereda,ES,1584753477,43.27,-7.54,54.0,100,90,1.3
505,Berdyaush,RU,1584753477,55.16,59.15,26.87,97,100,3.38
506,Mossamedes,AO,1584753478,-15.2,12.15,73.31,78,59,11.01
507,Shvartsevskiy,RU,1584753478,54.1,37.99,32.09,83,9,6.58
508,San Miguel de Tucumán,AR,1584753478,-26.82,-65.22,75.2,64,0,8.05
509,Qaqortoq,GL,1584753478,60.72,-46.03,14.0,47,40,6.93
510,Santiago del Estero,AR,1584753344,-27.8,-64.26,73.49,44,0,5.73
511,Crato,BR,1584753478,-7.23,-39.41,77.0,88,20,0.6
512,Bathurst,AU,1584753231,-33.42,149.58,69.01,61,2,3.0
513,Kathmandu,NP,1584753314,27.72,85.32,50.0,81,20,3.36
514,Prieska,ZA,1584753479,-29.66,22.75,68.27,25,0,7.61
515,Meridian,US,1584753479,43.61,-116.39,62.6,38,1,5.82
516,Rendsburg,DE,1584753479,54.3,9.67,36.0,64,0,10.29
517,Richards Bay,ZA,1584753479,-28.78,32.04,75.11,83,15,17.96
518,Waddān,LY,1584753479,29.16,16.14,65.03,32,91,22.59
519,Kismayo,SO,1584753480,-0.36,42.55,82.31,77,2,14.36
520,Malbork,PL,1584753480,54.04,19.03,37.99,87,75,11.41
521,Wonthaggi,AU,1584753480,-38.6,145.59,63.0,73,63,3.0
522,Broome,US,1584753480,42.25,-75.83,53.01,66,90,13.87
523,Samarai,PG,1584753480,-10.62,150.67,85.19,66,4,4.83
524,Gizo Government Station,SB,1584753481,-8.1,156.84,84.29,72,55,1.03
525,Zaragoza,ES,1584753481,41.66,-0.88,48.99,87,95,3.36
526,Ulaanbaatar,MN,1584753481,47.91,106.88,17.6,85,0,1.16
527,Le Vauclin,MQ,1584753481,14.55,-60.84,78.8,88,75,5.82
528,Cirò Marina,IT,1584753481,39.37,17.13,53.69,75,0,1.36
529,Savannakhet,LA,1584753481,16.57,104.75,75.2,73,75,2.24
530,Monduli,TZ,1584753481,-3.3,36.45,65.03,96,51,10.49
531,Port Hedland,AU,1584753482,-20.32,118.57,93.2,32,52,13.87
532,Castrillón,ES,1584753482,43.4,-6.79,51.8,100,90,2.33
533,Roebourne,AU,1584753482,-20.78,117.13,91.49,29,78,6.82
534,Pemangkat,ID,1584753482,1.17,108.97,75.47,90,100,3.94
535,Abu Samrah,SY,1584753482,35.3,37.18,43.61,82,97,5.23
536,Moerai,PF,1584753482,-22.43,-151.33,79.97,78,100,8.99
537,Río Gallegos,AR,1584753483,-51.62,-69.22,46.4,61,40,3.36
538,Itaituba,BR,1584753483,-4.28,-55.98,72.23,92,100,2.04
539,Kostino,RU,1584753483,58.91,53.27,25.61,93,100,5.84
540,Lingyuan,CN,1584753483,41.24,119.4,39.11,58,92,6.15
541,Xinqing,CN,1584753483,48.23,129.5,27.77,85,99,4.07
542,Piaçabuçu,BR,1584753483,-10.41,-36.43,80.15,85,60,9.48
543,South Venice,US,1584753484,27.05,-82.42,78.01,73,1,4.7
544,Yelan’-Koleno,RU,1584753484,51.15,41.23,34.07,84,0,6.58
545,Khandyga,RU,1584753484,62.67,135.6,6.17,92,22,1.14
546,Shinpokh,PK,1584753484,34.33,71.18,60.8,100,75,4.16
547,Puerto Colombia,CO,1584753484,10.99,-74.95,78.8,78,0,11.41
548,Honolulu,US,1584753249,21.31,-157.86,80.6,88,90,4.7
549,Zvishavane,ZW,1584753485,-20.33,30.07,62.87,89,0,2.53
550,San Felipe,VE,1584753485,10.34,-68.74,71.33,90,15,2.24
551,Pacific Grove,US,1584753485,36.62,-121.92,62.01,54,20,6.93
552,Mahajanga,MG,1584753485,-15.72,46.32,75.2,94,40,8.05
553,Quatre Cocos,MU,1584752926,-20.21,57.76,72.0,88,20,5.82
